kongo={
	location=1170
	color={
		171 148 148 
	}
	inland=yes
	outgoing={
		name="ivory_coast"
		path={
			1170 4079 1463 1464 1465 1466 
		}
		control={
			2822.000000 892.000000 2756.000000 992.000000 2720.000000 1055.000000 
		}
	}
	outgoing={
		name="zambezi"
		path={
			4046 1191 1187 
		}
		control={
			2968.000000 885.000000 3081.000000 912.000000 3118.000000 854.000000 3160.000000 820.000000 
		}
	}
	members={
		1169 1170 2948 4081 4082 4085 4089 4090 4092 4093 4094 4095 4107 4098 4100 4101 4102 4103 4097 4099 4105 4109 1171 
	}
}
zambezi={
	location=4039
	color={
		32 164 51 
	}
	inland=yes
	outgoing={
		name="zanzibar"
		path={
			1192 1195 1196 
		}
		control={
			3204.000000 718.000000 3288.000000 760.000000 
		}
	}
	members={
		1184 1185 1187 1188 1189 1190 1191 2950 2951 2952 4034 4036 4037 4038 4039 4040 4041 4042 4043 4044 4045 4046 4047 4048 4050 4104 4106 4108 
	}
}
california={
	location=2021
	outgoing={
		name="great_plains"
		path={
			872 873 2019 2020 2006 2008 903 902 900 895 2014 893 1507 
		}
		control={
			700.000000 1614.000000 679.000000 1710.000000 680.000000 1810.000000 739.000000 1803.000000 775.000000 1773.000000 805.000000 1774.000000 804.000000 1733.000000 840.000000 1710.000000 877.000000 1736.000000 910.000000 1765.000000 977.000000 1771.000000 1017.000000 1802.000000 1050.000000 1790.000000 1064.000000 1737.000000 
		}
	}
	outgoing={
		name="nippon"
		path={
			1557 1684 1686 1685 1683 1668 1669 1440 1387 1980 1388 1376 
		}
		control={
			585.000000 1678.000000 235.860001 1657.400024 5327.000000 1577.000000 5114.000000 1527.000000 4892.000000 1555.000000 4763.000000 1532.000000 4747.000000 1552.000000 
		}
	}
	outgoing={
		name="girin"
		path={
			1376 1377 732 
		}
		control={
			607.679993 1647.040039 408.000000 1734.000000 5719.089844 1775.310059 5138.000000 1777.000000 5024.000000 1824.000000 4949.000000 1904.000000 4888.000000 1938.000000 
		}
	}
	members={
		865 866 2620 868 871 869 2021 2476 867 876 879 2491 870 2477 2478 2479 2480 872 2481 2482 2483 873 2486 2487 2488 2019 2020 2489 2490 874 2484 2485 2003 2604 2605 2606 2607 972 973 2610 975 2022 976 978 979 2611 979 1240 1997 1808 
	}
}
girin={
	location=730
	color={
		41 82 45 
	}
	outgoing={
		name="siberia"
		path={
			2109 722 721 1057 1060 1062 1064 
		}
		control={
			4616.000000 1802.000000 4504.000000 1901.000000 4380.000000 1871.000000 4248.000000 1868.000000 4139.000000 1953.000000 
		}
	}
	outgoing={
		name="mongolia"
		path={
			2109 722 721 1057 1060 1062 1064 
		}
		control={
			4587.000000 1740.000000 4557.000000 1728.000000 4442.000000 1708.000000 4377.000000 1683.000000 
		}
	}
	outgoing={
		name="beijing"
		path={
			2110 726 704 1816 
		}
		control={
			4586.000000 1739.000000 4567.000000 1722.000000 4573.000000 1701.000000 4559.000000 1696.000000 4552.000000 1682.000000 4532.000000 1680.000000 4505.000000 1658.000000 
		}
	}
	outgoing={
		name="nippon"
		path={
			1557 1684 1686 1685 1683 1668 1669 1440 1387 1980 1388 1376 
		}
		control={
			4674.000000 1762.000000 4707.000000 1753.000000 4699.000000 1685.000000 4701.000000 1598.000000 4664.000000 1565.000000 
		}
	}
	members={
		729 4216 4217 8629 8630 2108 2107 2106 2186 1850 4658 8633 1033 8628 1050 4214 8632 8631 1048 731 4663 4215 2105 8627 2102 8636 4662 1053 8637 2103 4659 1049 2104 727 1043 1047 1041 1044 1034 1035 2440 1037 1038 1381 730 2110 2188 2109 728 8640 4660 4200 725 2187 4674 8639 4218 4664 8638 2185 8635 724 8634 1058 
	}
}
great_plains={
	location=903
	inland=yes
	outgoing={
		name="canada"
		path={
			1506 1505 1525 1516 
		}
		control={
			1113.000000 1708.000000 1089.000000 1796.000000 1108.000000 1776.000000 1121.000000 1789.000000 1119.000000 1846.000000 1146.000000 1848.000000 1159.000000 1834.000000 1154.000000 1821.000000 1182.000000 1816.000000 1237.000000 1805.000000 1235.000000 1799.000000 1280.000000 1797.000000 1310.000000 1779.000000 1338.000000 1757.000000 1347.000000 1716.000000 1334.000000 1690.000000 1370.000000 1699.000000 1398.000000 1707.000000 1405.000000 1722.000000 1441.000000 1728.000000 1484.000000 1757.000000 1523.000000 1783.000000 1576.000000 1823.000000 1617.000000 1830.000000 
		}
	}
	outgoing={
		name="mississippi"
		path={
			921 2528 939 
		}
		control={
			1127.000000 1702.000000 1152.599976 1646.790039 1196.000000 1633.000000 1225.000000 1638.000000 
		}
	}
	members={
		891 892 896 904 908 2512 898 901 903 2508 2672 889 890 2506 2507 2625 905 906 907 909 2007 1008 1010 2016 2511 2593 1809 2008 2009 2504 2505 2006 2501 2502 2503 2510 2005 2596 2598 1011 1813 2597 2595 2599 2600 2601 2603 2004 2017 2018 2602 
	}
}
mississippi={
	location=2514
	color={
		129 214 238 
	}
	outgoing={
		name="chesapeake_bay"
		path={
			948 2011 
		}
		control={
			1289.000000 1596.000000 1367.000000 1617.000000 1408.000000 1606.000000 1431.000000 1614.000000 1459.000000 1602.000000 
		}
	}
	outgoing={
		name="carribean_trade"
		path={
			1506 1505 1525 1516 
		}
		control={
			1230.000000 1584.000000 1210.000000 1551.000000 1214.000000 1523.000000 1204.000000 1499.000000 1252.000000 1485.000000 1256.000000 1429.000000 1300.000000 1344.000000 1401.989990 1323.040039 
		}
	}
	outgoing={
		name="canada"
		path={
			946 991 993 995 
		}
		control={
			1241.000000 1605.000000 1220.000000 1637.000000 1237.000000 1676.000000 1264.000000 1680.000000 1272.000000 1710.000000 1283.000000 1750.000000 1312.000000 1763.000000 1354.000000 1751.000000 1347.000000 1712.000000 1335.000000 1693.000000 1362.650024 1696.199951 1396.000000 1707.000000 1406.000000 1722.000000 1441.000000 1728.000000 1485.000000 1757.000000 1531.000000 1787.000000 1580.000000 1827.000000 1633.000000 1830.000000 
		}
	}
	members={
		944 945 2521 2522 910 911 2517 2518 912 913 914 915 916 917 2519 2520 942 943 2523 2524 946 947 948 2525 958 959 960 961 964 954 2555 2556 2557 951 2526 2551 939 940 941 924 925 2531 2532 919 920 2528 2529 918 934 2527 894 895 897 899 2509 2515 900 902 2513 2514 921 922 923 2530 2533 893 2014 2516 
	}
}
mexico={
	location=852
	color={
		0 176 0 
	}
	outgoing={
		name="carribean_trade"
		path={
			847 848 1510 1511 1512 1518 1516 
		}
		control={
			1135.000000 1306.000000 1168.000000 1310.000000 1253.000000 1362.000000 1320.000000 1329.000000 1391.000000 1325.000000 
		}
	}
	outgoing={
		name="panama"
		path={
			1550 1549 1548 835 
		}
		control={
			1094.000000 1286.000000 1096.000000 1249.000000 1204.000000 1197.000000 1262.000000 1189.000000 1305.000000 1126.000000 1380.000000 1107.000000 
		}
	}
	outgoing={
		name="mississippi"
		path={
			1550 1549 1548 835 
		}
		control={
			1139.000000 1306.000000 1229.000000 1377.000000 1259.000000 1472.000000 1204.000000 1498.000000 1215.000000 1525.000000 1210.000000 1553.000000 1232.000000 1584.000000 
		}
	}
	outgoing={
		name="california"
		path={
			1551 1552 1554 1555 1556 
		}
		control={
			1085.000000 1256.000000 959.000000 1278.000000 858.000000 1374.000000 744.000000 1510.000000 698.000000 1608.000000 
		}
	}
	members={
		841 842 843 2636 2653 846 2634 2652 845 2633 2650 2651 2632 2635 2638 2649 848 2630 2631 2641 2647 844 847 2629 2646 849 2627 2645 2648 850 852 2626 2628 2644 853 856 857 2615 2642 851 2622 2623 2624 2643 854 2617 2621 2657 858 2499 2668 861 2614 2619 2666 2667 884 887 888 2665 2669 883 886 2500 882 885 2496 2497 880 881 2492 2495 860 863 864 2498 2618 855 859 862 877 2616 876 879 2491 875 878 2493 2494 
	}
}
chengdu={
	location=679
	color={
		236 162 119 
	}
	inland=yes
	outgoing={
		name="canton"
		path={
			680 673 2163 2165 665 667 1371 
		}
		control={
			4288.000000 1462.000000 4308.000000 1435.000000 4311.870117 1403.920044 4325.000000 1384.000000 4379.000000 1379.000000 
		}
	}
	outgoing={
		name="xian"
		path={
			2169 689 700 
		}
		control={
			4275.000000 1513.000000 4291.000000 1520.000000 4315.000000 1541.000000 4299.000000 1553.000000 4315.000000 1563.000000 
		}
	}
	outgoing={
		name="nanjing"
		path={
			2169 689 700 
		}
		control={
			4263.000000 1470.000000 4290.000000 1467.000000 4306.000000 1481.000000 4323.000000 1487.000000 4336.000000 1503.000000 4374.000000 1501.000000 4403.000000 1483.000000 4427.000000 1498.000000 4453.000000 1482.000000 4486.000000 1508.000000 4505.000000 1523.000000 
		}
	}
	outgoing={
		name="burma"
		path={
			675 2167 2166 583 2400 
		}
		control={
			4261.000000 1463.000000 4242.000000 1426.000000 4213.000000 1407.000000 4200.000000 1371.000000 4184.000000 1364.000000 4136.000000 1393.000000 4138.000000 1348.000000 4142.000000 1300.000000 
		}
	}
	members={
		679 2167 678 2135 2133 660 661 2165 2166 680 679 680 4212 2169 2170 4211 675 2168 2748 4213 8548 8549 8550 8551 8521 8524 662 663 689 705 2131 2132 4205 2130 673 674 8573 4199 
	}
}
canton={
	location=1371
	outgoing={
		name="malacca"
		path={
			1394 1367 1362 1361 
		}
		control={
			4399.000000 1148.000000 
		}
	}
	outgoing={
		name="philippines"
		path={
			1394 1397 
		}
		control={
			4437.000000 1261.000000 4507.000000 1220.000000 4528.000000 1188.000000 4553.000000 1198.000000 
		}
	}
	outgoing={
		name="gulf_of_siam"
		path={
			675 2167 2166 583 2400 
		}
		control={
			4382.000000 1291.000000 4361.000000 1226.000000 4346.000000 1173.000000 4298.000000 1135.000000 4270.000000 1129.000000 4240.000000 1170.000000 
		}
	}
	members={
		664 1840 2162 2163 2164 666 2160 665 2159 2161 8567 667 668 2156 2157 2158 8646 8578 2372 613 8648 610 1016 2373 8579 8645 2371 8647 8649 616 1371 
	}
}
gulf_of_siam={
	location=1365
	color={
		84 152 93 
	}
	outgoing={
		name="malacca"
		path={
			1364 1362 1361 
		}
		control={
			4277.000000 1066.000000 
		}
	}
	outgoing={
		name="burma"
		path={
			675 2167 2166 583 2400 
		}
		control={
			4206.000000 1240.000000 4203.000000 1276.000000 4212.000000 1310.000000 4186.000000 1322.000000 4166.000000 1321.000000 
		}
	}
	members={
		592 600 601 602 603 604 605 606 609 607 608 611 612 614 615 1817 1823 1844 1022 2374 2375 2376 2377 2378 2379 2380 2381 2382 2383 2384 2385 2386 2387 2388 2389 591 2404 1365 589 
	}
}
burma={
	location=586
	color={
		35 229 76 
	}
	outgoing={
		name="ganges_delta"
		path={
			4396 1815 
		}
		control={
			4143.000000 1247.000000 4116.000000 1238.000000 4092.000000 1301.000000 4067.000000 1347.000000 
		}
	}
	members={
		584 2399 581 2398 580 4393 2397 4394 4396 585 4395 583 588 2400 4397 4406 587 2401 4398 582 2395 2396 4404 4405 586 590 1815 2403 4399 568 579 2402 
	}
}
nippon={
	location=1376
	outgoing={
		name="nanjing"
		path={
			1389 1373 684 
		}
		control={
			4651.000000 1544.000000 4628.000000 1535.000000 4555.000000 1506.000000 
		}
	}
	outgoing={
		name="beijing"
		path={
			2110 726 704 1816 
		}
		control={
			4651.000000 1550.000000 4607.000000 1550.000000 4580.000000 1595.000000 4569.000000 1630.000000 4516.000000 1631.000000 
		}
	}
	members={
		1031 1032 1847 1852 4193 1023 1024 1837 4188 1028 1843 4189 1027 4190 4191 1012 1015 4180 4181 8590 1014 1818 4182 8589 1819 1820 4186 8591 1030 1029 1839 4360 1835 1020 1021 1832 4187 4359 1025 1026 4131 4192 1018 1830 4183 4185 1017 1019 1825 4184 1845 2744 4232 732 2742 2743 733 735 4230 4231 734 736 2694 2745 4227 737 1013 2741 4228 4229 1376 
	}
}
nanjing={
	location=684
	outgoing={
		name="beijing"
		path={
			684 1373 1374 1375 1816 
		}
		control={
			4506.000000 1525.000000 4468.000000 1566.000000 4458.000000 1605.000000 4470.000000 1627.000000 
		}
	}
	outgoing={
		name="canton"
		path={
			684 1824 1372 667 
		}
		control={
			4486.000000 1508.000000 4454.000000 1483.000000 4447.000000 1458.000000 4428.000000 1432.000000 4414.000000 1405.000000 4401.000000 1377.000000 
		}
	}
	outgoing={
		name="philippines"
		path={
			1394 1397 
		}
		control={
			4569.000000 1494.000000 4531.000000 1426.000000 4490.000000 1359.000000 4482.000000 1265.000000 4508.000000 1215.000000 4528.000000 1193.000000 
		}
	}
	members={
		684 2148 2149 8562 8563 8564 8565 1824 2150 670 1833 8560 8561 683 2151 8558 8559 2146 2147 8572 1821 1838 2143 2144 8571 686 685 1822 2145 8570 8568 2141 2142 4196 8569 682 2172 4197 8554 681 2171 8552 8553 671 672 8555 8556 2173 2174 8557 8574 687 2175 8543 8544 669 1829 2152 2153 8566 738 2154 2155 8622 8623 
	}
}
mongolia={
	location=8542
	inland=yes
	outgoing={
		name="kashgar"
		path={
			689 698 706 707 
		}
		control={
			4313.000000 1691.000000 4277.000000 1794.000000 4115.000000 1791.000000 4056.000000 1763.000000 4030.000000 1762.000000 
		}
	}
	outgoing={
		name="siberia"
		path={
			689 698 706 707 
		}
		control={
			4323.000000 1687.000000 4278.000000 1786.000000 4247.000000 1861.000000 4167.000000 1935.000000 
		}
	}
	members={
		709 2191 8577 701 4223 702 8542 2747 2115 2114 8642 723 4673 717 721 4667 8641 4219 8635 724 8634 1058 2116 4220 4668 4679 2189 719 2190 8576 2117 4680 8581 4684 4681 718 4682 1066 716 4222 
	}
}
xian={
	location=700
	inland=yes
	outgoing={
		name="kashgar"
		path={
			689 698 706 707 
		}
		control={
			4292.000000 1565.000000 4259.000000 1590.000000 4248.000000 1614.000000 4178.000000 1657.000000 4095.000000 1689.000000 4030.000000 1707.000000 
		}
	}
	outgoing={
		name="mongolia"
		path={
			695 696 697 701 709 707 
		}
		control={
			4363.000000 1568.000000 4365.000000 1621.000000 4379.000000 1657.000000 
		}
	}
	members={
		700 4198 8546 8496 2179 8545 8497 8498 698 699 2180 2181 2183 708 2182 2184 8547 706 2134 4204 8522 
	}
}
beijing={
	location=1816
	outgoing={
		name="xian"
		path={
			695 696 697 701 709 707 
		}
		control={
			4428.000000 1625.000000 4395.000000 1622.000000 4378.000000 1583.000000 4365.000000 1582.000000 4358.000000 1566.000000 
		}
	}
	outgoing={
		name="mongolia"
		path={
			695 696 697 701 709 707 
		}
		control={
			4440.000000 1665.000000 4405.000000 1686.000000 
		}
	}
	members={
		1816 8650 2136 4194 8535 695 696 2137 4195 691 2140 8537 8538 8539 690 2138 2139 8536 704 726 8532 8533 8534 2112 2113 8530 8531 693 694 2178 8541 697 2177 8540 688 692 1836 2176 4201 4653 8626 2111 8643 8644 4203 703 4672 4202 722 8499 4652 
	}
}
philippines={
	location=1397
	outgoing={
		name="the_moluccas"
		path={
			1399 1357 
		}
		control={
			4520.000000 1176.000000 4525.000000 1119.000000 4568.000000 1064.000000 4615.000000 1021.000000 4579.000000 986.000000 4596.000000 916.000000 
		}
	}
	outgoing={
		name="panama"
		path={
			1403 1434 1676 1734 1735 1736 1740 1741 1711 1708 1702 1547 1548 835 
		}
		control={
			4677.000000 1236.000000 4943.000000 1179.000000 5176.000000 1140.000000 5512.000000 1142.000000 5825.629883 1124.030029 524.000000 1119.000000 808.000000 1084.000000 991.000000 1041.000000 1200.000000 1056.000000 1342.000000 1050.000000 1387.000000 1110.000000 
		}
	}
	members={
		651 652 653 654 655 656 657 658 1235 1241 1990 1991 1992 1993 1994 1995 1996 2697 2698 2699 2700 2701 2702 1397 
	}
}
the_moluccas={
	location=1357
	outgoing={
		name="malacca"
		path={
			1358 1360 
		}
		control={
			4482.000000 904.000000 4384.000000 931.000000 4316.000000 994.000000 
		}
	}
	members={
		646 2718 2724 1357 1245 647 645 648 649 650 2696 2695 633 634 642 2715 641 2716 632 2691 631 2693 644 2723 1085 1086 1087 1088 1089 1090 1091 1092 1093 1106 1107 1108 1109 1236 1237 1242 1243 1246 1239 1238 1789 1790 1791 1094 1084 1412 1986 1989 2719 2720 2721 2722 2726 2727 2728 2729 2730 2731 2732 2733 2734 2735 2736 2737 2738 2739 1244 1987 1988 
	}
}
malacca={
	location=1361
	outgoing={
		name="ganges_delta"
		path={
			1348 1347 1345 1344 1343 
		}
		control={
			4198.000000 1067.000000 4142.000000 1136.000000 4140.000000 1216.000000 4075.000000 1275.000000 
		}
	}
	outgoing={
		name="zanzibar"
		path={
			1352 1624 1623 1621 1620 1617 1450 1449 
		}
		control={
			4308.000000 981.000000 4265.939941 906.119995 3983.000000 955.000000 3589.000000 845.000000 3431.000000 853.000000 
		}
	}
	outgoing={
		name="comorin_cape"
		path={
			1352 1624 1623 1621 1620 1617 1450 1449 
		}
		control={
			4149.000000 1100.000000 4121.000000 1111.000000 4103.000000 1102.000000 3919.000000 1086.000000 
		}
	}
	members={
		8580 593 594 595 596 597 599 617 618 619 620 622 624 625 626 627 628 629 630 636 638 639 640 1361 1998 1999 2390 2391 2394 2673 2677 2680 2681 2703 2704 2705 2706 2709 2710 2712 2740 2687 2688 2689 2690 2691 574 
	}
}
siberia={
	location=1064
	inland=yes
	outgoing={
		name="kazan"
		path={
			1062 1064 480 479 472 475 1082 
		}
		control={
			3936.000000 1945.000000 3770.000000 1906.000000 3644.000000 1895.000000 3532.000000 1945.000000 3475.000000 1933.000000 
		}
	}
	outgoing={
		name="samarkand"
		path={
			480 478 477 1969 457 454 
		}
		control={
			3923.000000 1889.000000 3866.000000 1808.000000 3779.000000 1774.000000 3709.000000 1711.000000 3708.000000 1677.000000 
		}
	}
	members={
		1055 1056 1057 2446 2430 2432 1064 1065 2443 480 1073 2445 1069 2429 2433 2428 1068 1062 1063 2442 1060 2434 4687 4688 1071 4689 1075 1076 2441 4692 2369 1080 1078 1780 1074 1046 1045 2435 1052 
	}
}
doab={
	location=524
	color={
		236 162 19 
	}
	inland=yes
	outgoing={
		name="indus"
		path={
			2076 507 2065 520 524 
		}
		control={
			3846.000000 1461.000000 3845.000000 1486.000000 3809.000000 1505.000000 3773.000000 1484.000000 3741.000000 1473.000000 3697.000000 1434.000000 3705.000000 1411.000000 
		}
	}
	outgoing={
		name="deccan"
		path={
			525 740 2057 527 2036 2034 1946 2030 
		}
		control={
			3821.000000 1401.000000 3834.000000 1346.000000 3843.000000 1306.000000 
		}
	}
	members={
		522 2060 2062 2061 4498 4499 519 520 2064 4500 523 2094 4494 4495 4497 555 2055 2095 4490 524 556 2063 4496 525 528 4464 4465 559 2059 4459 4466 4467 2097 4468 4491 4492 554 509 511 2069 4493 512 4507 510 2065 4411 4463 2070 4485 4502 2066 514 2067 518 2058 2087 2093 
	}
}
ganges_delta={
	location=1343
	outgoing={
		name="comorin_cape"
		path={
			1342 1341 1340 
		}
		control={
			3962.000000 1274.000000 3881.000000 1150.000000 
		}
	}
	outgoing={
		name="doab"
		path={
			1343 564 563 2044 558 2095 556 2063 
		}
		control={
			4032.000000 1334.000000 4047.000000 1378.000000 4021.000000 1394.000000 3997.000000 1409.000000 3958.000000 1416.000000 3932.000000 1407.000000 3893.000000 1418.000000 
		}
	}
	members={
		1343 553 4447 4451 4452 547 2048 4445 4446 4448 561 2081 4476 4477 564 2039 4474 4475 4478 552 2038 2043 2049 4441 560 2096 4450 4470 4471 562 2045 2046 4486 563 2044 4479 558 4469 4472 4489 2047 4487 4488 4440 4473 2040 2042 571 566 567 2091 2098 570 573 2041 557 2071 4483 4484 4482 8518 565 4481 8519 677 4516 8516 676 8517 
	}
}
comorin_cape={
	location=1340
	outgoing={
		name="gulf_of_aden"
		path={
			1615 1451 1331 
		}
		control={
			3808.000000 1132.000000 3538.000000 1229.000000 
		}
	}
	outgoing={
		name="indus"
		path={
			1339 2030 
		}
		control={
			3812.000000 1153.000000 3764.000000 1230.000000 
		}
	}
	outgoing={
		name="cape_of_good_hope"
		path={
			1619 1618 1620 1455 1630 1627 1459 
		}
		control={
			3792.000000 992.000000 3685.000000 895.000000 3612.000000 757.000000 3512.000000 610.000000 3410.000000 576.000000 3260.000000 519.000000 3082.000000 443.000000 
		}
	}
	members={
		1340 2083 4418 4419 4420 539 540 1947 2027 4417 536 2101 4412 2100 4408 4409 572 2099 4407 1101 1248 1998 1999 538 2085 4414 2026 4415 4416 533 2031 4421 4422 4426 541 1949 2090 4423 4424 534 535 537 4410 4413 531 2029 2030 2032 4427 543 549 2084 2080 4425 2030 
	}
}
deccan={
	location=1948
	outgoing={
		name="indus"
		path={
			1338 1337 504 
		}
		control={
			3807.000000 1295.000000 3765.350098 1316.619995 3714.000000 1343.000000 
		}
	}
	outgoing={
		name="comorin_cape"
		path={
			541 4422 4414 2026 
		}
		control={
			3835.000000 1228.000000 3842.000000 1219.000000 3858.000000 1194.000000 
		}
	}
	members={
		526 2056 2057 4461 550 551 2092 4458 4460 532 2033 4428 2028 4438 4444 542 2037 4436 4439 527 4434 4453 569 1948 2035 4435 546 548 2050 4442 4443 1946 2034 4431 544 545 4432 4433 4437 740 2082 517 2036 4430 516 4512 529 530 2089 
	}
}
indus={
	location=504
	color={
		135 104 85 
	}
	outgoing={
		name="gulf_of_aden"
		path={
			1336 1333 1332 1331 
		}
		control={
			3612.000000 1363.000000 3563.000000 1299.000000 
		}
	}
	outgoing={
		name="basra"
		path={
			1336 1334 
		}
		control={
			3546.000000 1398.000000 3522.000000 1430.000000 3484.000000 1417.000000 
		}
	}
	outgoing={
		name="persia"
		path={
			1336 1334 
		}
		control={
			3706.000000 1414.000000 3699.000000 1434.000000 3745.000000 1473.000000 3757.000000 1538.000000 3704.000000 1564.000000 3650.000000 1592.000000 3596.000000 1584.000000 3527.000000 1616.000000 
		}
	}
	outgoing={
		name="samarkand"
		path={
			578 451 450 453 454 
		}
		control={
			3705.000000 1411.000000 3696.000000 1436.000000 3741.000000 1472.000000 3757.000000 1536.000000 3758.000000 1556.000000 3721.000000 1565.000000 3701.000000 1567.000000 3700.000000 1577.000000 3712.000000 1584.000000 3708.000000 1604.000000 3663.000000 1617.000000 
		}
	}
	members={
		4501 4462 513 4506 504 2088 4503 4504 505 2072 4505 4429 515 521 2052 4454 4455 503 2053 4456 4480 2051 2054 4457 2128 2074 4521 508 2073 4449 507 2075 2076 4510 4513 506 2079 2086 4508 4509 2077 2078 4511 448 451 578 2226 576 577 2068 2231 
	}
}
gulf_of_aden={
	location=1331
	outgoing={
		name="zanzibar"
		path={
			1446 1447 1448 
		}
		control={
			3465.000000 1166.000000 3385.000000 1038.000000 3304.000000 978.000000 
		}
	}
	outgoing={
		name="alexandria"
		path={
			1330 1329 1328 361 358 
		}
		control={
			3312.000000 1206.000000 3238.000000 1323.000000 3189.000000 1417.000000 3147.000000 1420.000000 3119.000000 1444.000000 3125.000000 1484.000000 
		}
	}
	outgoing={
		name="basra"
		path={
			1332 1333 1334 
		}
		control={
			3567.000000 1320.000000 3585.000000 1375.000000 3533.000000 1396.000000 3522.000000 1431.000000 3481.000000 1409.000000 
		}
	}
	members={
		2324 2775 2788 2789 2790 2795 2024 1205 1212 1215 1230 2765 2764 2787 1232 1331 1779 401 2341 2342 402 1099 4284 387 2346 4279 390 2344 4281 388 2345 4280 386 391 4282 389 2343 4283 1328 1329 1330 4333 4346 2335 2777 2780 2766 
	}
}
zanzibar={
	location=1448
	color={
		130 17 17 
	}
	outgoing={
		name="cape_of_good_hope"
		path={
			1449 1456 1457 1458 1459 1460 
		}
		control={
			3292.000000 747.000000 3221.000000 659.000000 3183.000000 543.000000 3093.000000 437.000000 
		}
	}
	members={
		1448 788 1183 1186 1192 1194 1195 1196 1197 1198 1199 1200 1201 1202 1203 2796 1102 1103 1193 4020 4021 4022 4023 4024 4025 4026 4027 4028 4029 4030 4031 4032 4049 1792 1449 1101 1182 
	}
}
cape_of_good_hope={
	location=1460
	outgoing={
		name="ivory_coast"
		path={
			1461 1462 1463 1464 1465 1466 
		}
		control={
			2858.000000 574.000000 2797.000000 734.000000 2825.000000 873.000000 2754.000000 992.000000 2752.000000 1060.000000 
		}
	}
	outgoing={
		name="carribean_trade"
		path={
			1461 1462 1463 1464 1465 1466 
		}
		control={
			2881.000000 512.000000 2792.000000 727.000000 2631.000000 786.000000 2421.000000 848.000000 2158.000000 914.000000 2036.000000 975.000000 1835.000000 1098.000000 1694.000000 1192.000000 1662.000000 1184.000000 1621.000000 1266.000000 1516.000000 1260.000000 
		}
	}
	outgoing={
		name="brazil"
		path={
			1461 1462 1463 1464 1465 1466 
		}
		control={
			2881.000000 512.000000 2792.000000 727.000000 2631.000000 786.000000 2421.000000 848.000000 2168.000000 904.000000 
		}
	}
	members={
		1460 789 833 1175 1177 1178 1179 1180 1181 1173 1800 2864 
	}
}
basra={
	location=1335
	outgoing={
		name="aleppo"
		path={
			408 409 406 382 377 
		}
		control={
			3379.000000 1499.000000 3337.000000 1512.000000 3320.000000 1542.000000 3277.000000 1564.000000 3249.000000 1588.000000 
		}
	}
	outgoing={
		name="persia"
		path={
			412 413 428 426 
		}
		control={
			3368.000000 1525.000000 3379.000000 1552.000000 3406.000000 1571.000000 3430.000000 1597.000000 
		}
	}
	members={
		403 4285 4287 399 400 4286 397 398 404 2333 431 2999 4327 430 2219 2223 4332 2218 4329 4330 4331 394 395 2340 2347 412 2217 4289 4290 4342 413 414 2209 2210 408 2311 2312 4288 406 409 410 2310 4291 415 2211 4293 4294 1335 2232 2233 434 575 
	}
}
kashgar={
	location=715
	inland=yes
	outgoing={
		name="samarkand"
		path={
			442 441 438 437 427 426 
		}
		control={
			3954.000000 1742.000000 3905.000000 1767.000000 3828.000000 1748.000000 3745.000000 1728.000000 3701.000000 1698.000000 3709.000000 1675.000000 
		}
	}
	members={
		710 711 2123 2124 4693 739 2127 4210 8584 712 2121 2192 8582 4209 459 8604 8605 2126 2368 461 2120 2125 8601 8603 715 4208 8602 713 714 2119 2118 4683 2122 4207 8583 707 
	}
}
samarkand={
	location=454
	inland=yes
	outgoing={
		name="persia"
		path={
			442 441 438 437 427 426 
		}
		control={
			3638.000000 1650.000000 3633.000000 1638.000000 3664.000000 1616.000000 3597.000000 1583.000000 3525.000000 1618.000000 3482.000000 1599.000000 
		}
	}
	outgoing={
		name="kazan"
		path={
			466 303 1081 1082 
		}
		control={
			3701.000000 1703.000000 3663.000000 1743.000000 3600.000000 1801.000000 3436.000000 1851.000000 3364.000000 1878.000000 3399.000000 1903.000000 
		}
	}
	outgoing={
		name="crimea"
		path={
			468 287 1323 
		}
		control={
			3637.000000 1653.000000 3566.000000 1700.000000 3493.000000 1774.000000 3443.000000 1808.000000 3336.000000 1817.000000 3294.000000 1797.000000 3221.000000 1779.000000 3205.000000 1741.000000 
		}
	}
	members={
		440 441 442 444 445 453 454 455 456 457 476 477 1967 1969 1970 1973 478 2370 2362 2363 2356 2364 2355 2360 2361 2358 2352 2351 2353 2359 458 460 2350 437 438 439 443 2349 1968 4344 4343 8585 8586 8587 8611 452 2227 450 2228 4685 469 474 2365 2367 465 470 471 472 2366 479 2354 2357 4690 4686 
	}
}
persia={
	location=426
	color={
		204 119 31 
	}
	inland=yes
	outgoing={
		name="aleppo"
		path={
			1326 421 2202 2205 418 407 377 
		}
		control={
			3414.000000 1609.000000 3383.000000 1612.000000 3346.000000 1619.000000 3328.000000 1599.000000 3289.000000 1614.000000 3246.000000 1597.000000 
		}
	}
	members={
		436 4334 4336 446 4324 4325 2221 2235 2236 4326 417 426 2214 4339 4341 427 428 2213 2216 4337 429 433 2222 4335 4171 419 420 2202 2205 4302 421 424 4299 4305 4340 416 2206 2207 4304 2212 2215 4300 4338 4177 4170 4172 4179 432 2220 2234 4345 435 2224 2229 2230 447 449 2225 
	}
}
aleppo={
	location=377
	outgoing={
		name="constantinople"
		path={
			1317 1848 322 317 1320 
		}
		control={
			3169.000000 1586.000000 3080.000000 1579.000000 3031.000000 1643.000000 3070.000000 1672.000000 
		}
	}
	outgoing={
		name="alexandria"
		path={
			1316 1315 358 
		}
		control={
			3189.000000 1586.000000 3165.000000 1522.000000 3120.000000 1523.000000 
		}
	}
	members={
		418 2306 2307 4295 4296 377 1849 2313 4298 378 382 1855 4297 407 411 2309 2314 4292 332 2303 2308 4310 405 4270 4271 321 327 2302 323 324 2301 4307 8600 
	}
}
sahel={
	location=2278
	color={
		215 56 56 
	}
	inland=yes
	outgoing={
		name="ethiopia"
		path={
			352 2772 
		}
		control={
			2840.000000 1217.000000 2946.000000 1213.000000 3152.000000 1188.000000 
		}
	}
	outgoing={
		name="ivory_coast"
		path={
			1148 2273 2269 1133 2262 1132 
		}
		control={
			2709.000000 1176.000000 2711.000000 1151.000000 2744.000000 1129.000000 2732.000000 1080.000000 2705.000000 1067.000000 
		}
	}
	outgoing={
		name="tunis"
		path={
			357 356 354 341 
		}
		control={
			2783.709961 1245.060059 2802.000000 1296.000000 2848.000000 1384.000000 2865.000000 1479.000000 2848.000000 1532.000000 2848.000000 1562.000000 
		}
	}
	outgoing={
		name="sevilla"
		path={
			1127 346 344 345 
		}
		control={
			2653.000000 1238.000000 2602.000000 1280.000000 2567.000000 1396.000000 2547.000000 1491.000000 2583.000000 1531.000000 
		}
	}
	members={
		1144 1146 1145 1152 1150 1154 1155 1156 1157 1158 1149 1148 2274 2275 2278 2279 2284 2287 2288 2475 2237 2240 2251 1135 1137 1136 2256 2252 2254 1120 1121 1124 1123 1131 1132 1134 1133 1142 2245 2248 2249 2259 2261 2262 2264 2268 1127 1128 1140 1143 1117 
	}
}
ethiopia={
	location=1224
	inland=yes
	outgoing={
		name="gulf_of_aden"
		path={
			1224 1214 2768 2764 1215 1330 1331 
		}
		control={
			3290.679932 1181.979980 
		}
	}
	outgoing={
		name="alexandria"
		path={
			1232 2321 361 358 
		}
		control={
			3144.000000 1252.000000 3169.000000 1289.000000 3155.000000 1315.000000 3119.000000 1294.000000 3117.000000 1342.000000 3148.000000 1375.000000 3146.000000 1422.000000 3116.000000 1452.000000 3127.000000 1490.000000 
		}
	}
	members={
		774 1217 1222 2756 2757 2758 2760 2762 2772 2797 2769 2770 2771 2781 1224 1213 1214 1221 2802 1227 1208 1210 2798 2799 1219 4158 4052 2792 1211 
	}
}
alexandria={
	location=358
	color={
		200 200 102 
	}
	outgoing={
		name="constantinople"
		path={
			362 363 1316 1932 318 317 1320 
		}
		control={
			3114.000000 1580.000000 3066.000000 1586.000000 3037.000000 1622.000000 3030.000000 1649.000000 3047.000000 1659.000000 3060.000000 1667.000000 
		}
	}
	outgoing={
		name="venice"
		path={
			1315 1318 145 1773 144 143 1310 1309 1308 
		}
		control={
			2990.000000 1538.000000 2964.000000 1605.000000 2935.000000 1651.000000 2922.000000 1690.000000 2878.000000 1704.000000 
		}
	}
	outgoing={
		name="tunis"
		path={
			357 356 354 341 
		}
		control={
			2993.000000 1535.000000 2938.000000 1530.000000 2895.000000 1514.000000 2826.000000 1608.000000 
		}
	}
	members={
		1234 2322 364 379 1854 384 2329 2330 383 2328 4268 4269 385 2331 2332 4277 4278 380 381 2327 365 2315 2320 2321 1233 2318 4323 358 362 363 361 2316 4316 4317 359 2317 4318 360 1231 2319 4319 4320 355 356 357 2326 4321 4322 4272 393 2337 4273 1228 1220 
	}
}
crimea={
	location=1322
	color={
		59 158 125 
	}
	outgoing={
		name="kiev"
		path={
			284 282 281 280 
		}
		control={
			3111.000000 1787.000000 
		}
	}
	outgoing={
		name="donau"
		path={
			284 282 281 280 
		}
		control={
			3118.000000 1751.000000 3074.000000 1755.000000 3049.000000 1736.000000 
		}
	}
	outgoing={
		name="constantinople"
		path={
			1322 1321 1320 
		}
		control={
			3111.000000 1712.000000 
		}
	}
	members={
		1323 1322 462 1856 463 2201 2195 2197 282 1974 2406 286 287 2413 2414 284 285 2410 2447 283 2411 2412 330 331 2305 422 268 1756 2405 423 2203 4301 2196 2204 4303 8510 8511 288 467 1971 2409 464 466 468 2416 2417 425 2198 2199 2208 4306 
	}
}
constantinople={
	location=1320
	color={
		126 203 120 
	}
	outgoing={
		name="venice"
		path={
			149 1765 1766 138 137 
		}
		control={
			3064.000000 1667.000000 3051.000000 1664.000000 3037.000000 1653.000000 3033.000000 1623.000000 3046.000000 1594.000000 3025.000000 1592.000000 2988.000000 1581.000000 2950.000000 1611.000000 2928.000000 1665.000000 2861.000000 1713.000000 
		}
	}
	outgoing={
		name="tunis"
		path={
			149 1765 1766 138 137 
		}
		control={
			3076.000000 1672.000000 3046.000000 1663.000000 3030.000000 1647.000000 3040.000000 1612.000000 3045.000000 1585.000000 2993.000000 1584.000000 2954.000000 1568.000000 2875.000000 1559.000000 
		}
	}
	members={
		1320 149 151 1764 325 328 2299 2304 2750 329 1846 2300 4314 4315 316 317 2296 322 1848 4308 4311 318 319 2297 2298 4309 326 4312 4313 164 320 1319 2348 3003 8500 8501 8502 8597 8598 8599 3001 148 8504 1853 142 144 147 8505 8507 145 146 163 1773 8506 3003 164 
	}
}
kiev={
	location=280
	inland=yes
	outgoing={
		name="novgorod"
		path={
			278 292 275 311 310 
		}
		control={
			3109.870117 1916.959961 3113.000000 1971.000000 3130.000000 1999.000000 
		}
	}
	outgoing={
		name="krakow"
		path={
			279 260 262 
		}
		control={
			3047.000000 1881.000000 2976.000000 1854.000000 
		}
	}
	members={
		272 279 281 770 1937 1943 2962 275 277 278 1941 291 298 299 2408 293 297 4244 4245 296 300 4116 280 1942 1944 4247 289 290 1945 2407 292 771 4246 276 4115 4242 4536 4537 4539 4540 4542 4543 4544 4545 
	}
}
kazan={
	location=1082
	inland=yes
	outgoing={
		name="novgorod"
		path={
			306 307 308 312 310 
		}
		control={
			3334.000000 1962.000000 3268.000000 1996.000000 3237.000000 2008.000000 3187.040039 1974.880005 3131.000000 1989.000000 
		}
	}
	outgoing={
		name="crimea"
		path={
			306 307 308 312 310 
		}
		control={
			3398.679932 1901.560059 3381.000000 1881.000000 3352.000000 1865.000000 3332.000000 1814.000000 3284.000000 1794.000000 3224.000000 1781.000000 3198.000000 1736.000000 
		}
	}
	members={
		306 1079 1083 1957 2421 4265 4267 475 1965 1966 2420 2444 473 1081 2423 1082 2422 4264 305 1962 1972 4266 302 304 2415 303 2418 2419 
	}
}
novgorod={
	location=33
	color={
		97 126 37 
	}
	outgoing={
		name="baltic_sea"
		path={
			34 36 1926 
		}
		control={
			3068.000000 2042.000000 3016.000000 2036.000000 2972.000000 2020.000000 
		}
	}
	members={
		30 32 274 309 1960 4124 4148 33 34 1961 310 311 1959 2749 4260 294 1752 4243 4248 4249 301 1778 4255 295 4251 4252 307 4147 4253 308 1753 4117 4250 1754 1956 4254 312 4259 4261 
	}
}
laplata={
	location=1536
	outgoing={
		name="brazil"
		path={
			1535 1534 1533 1532 1531 
		}
		control={
			1883.949951 538.909973 1911.000000 603.000000 1992.000000 642.000000 2053.000000 784.000000 
		}
	}
	members={
		780 781 782 786 2863 2868 2869 2870 2875 2876 1095 2844 2847 2867 779 2860 2861 2865 2866 777 778 2846 2848 2849 2853 2855 2858 2859 794 2842 2835 2838 790 2854 2878 772 773 2850 2851 2852 775 776 799 2882 2883 2881 2893 2920 2857 2879 2884 2887 1536 791 2836 2877 2871 785 2843 2845 2872 2837 
	}
}
andes={
	location=809
	outgoing={
		name="panama"
		path={
			1545 1546 1547 1548 835 
		}
		control={
			1354.000000 922.000000 1368.000000 1013.000000 1405.000000 1108.000000 
		}
	}
	outgoing={
		name="laplata"
		path={
			1535 1534 1533 1532 1531 
		}
		control={
			1485.000000 793.000000 1542.000000 759.000000 1627.000000 755.000000 1716.000000 694.000000 1724.000000 569.000000 1683.000000 484.000000 
		}
	}
	members={
		795 797 802 2831 2940 2941 2942 2946 2947 804 805 809 810 811 812 813 814 2821 2822 2824 2825 2826 2827 806 807 808 2828 2829 784 787 792 793 796 2840 2841 2862 2873 816 817 819 820 2820 2874 
	}
}
brazil={
	location=1531
	outgoing={
		name="ivory_coast"
		path={
			1596 1597 1586 1585 1466 
		}
		control={
			2201.000000 984.000000 2436.000000 985.000000 2512.000000 1055.000000 
		}
	}
	outgoing={
		name="carribean_trade"
		path={
			1596 1597 1586 1585 1466 
		}
		control={
			2109.000000 923.000000 1954.000000 1000.000000 1780.000000 1120.000000 1691.000000 1190.000000 1653.000000 1183.000000 1616.000000 1260.000000 1518.000000 1267.000000 
		}
	}
	members={
		759 765 2891 2892 2894 2898 2899 758 2906 2907 2908 2909 2910 2911 2919 2888 2903 2904 2905 766 768 769 2895 2896 2897 762 763 764 756 757 760 761 2914 2916 750 751 753 754 755 2885 2912 2913 2915 2917 2918 2921 2922 749 752 2886 2923 2924 2925 2926 2927 747 748 2890 2928 2929 2938 745 746 2937 744 2931 1531 
	}
}
ivory_coast={
	location=1466
	outgoing={
		name="carribean_trade"
		path={
			1467 1468 1579 1577 1576 1522 1520 1519 1517 1516 
		}
		control={
			2463.000000 1072.000000 2342.000000 1169.000000 2101.000000 971.000000 1885.000000 1090.000000 1711.000000 1192.000000 1662.000000 1188.000000 1617.000000 1272.000000 1519.000000 1273.000000 
		}
	}
	outgoing={
		name="bordeaux"
		path={
			1467 1468 1470 1471 1566 1563 
		}
		control={
			2449.000000 1088.000000 2360.000000 1222.000000 2358.000000 1355.000000 2425.000000 1457.000000 2494.000000 1553.000000 2463.000000 1688.000000 2505.000000 1734.000000 2599.000000 1729.000000 
		}
	}
	outgoing={
		name="english_channel"
		path={
			1467 1468 1470 1471 1566 1563 
		}
		control={
			2403.000000 1124.000000 2354.000000 1328.000000 2465.000000 1489.000000 2476.000000 1668.000000 2535.000000 1810.000000 2651.000000 1854.000000 
		}
	}
	outgoing={
		name="sevilla"
		path={
			1467 1468 1470 1471 1566 1563 
		}
		control={
			2472.500000 1079.989990 2353.000000 1203.000000 2336.000000 1316.000000 2432.000000 1464.000000 2502.000000 1556.000000 
		}
	}
	members={
		1164 1165 1166 1096 1793 1466 1098 1118 1119 1151 1163 1306 4079 1126 1139 1141 1147 2290 2294 1111 1113 2239 1114 1172 1174 
	}
}
tunis={
	location=341
	color={
		146 134 57 
	}
	outgoing={
		name="genua"
		path={
			1302 1300 1297 
		}
		control={
			2757.000000 1646.000000 
		}
	}
	outgoing={
		name="venice"
		path={
			1305 1307 1311 1310 1309 1308 112 
		}
		control={
			2874.699951 1578.560059 2931.000000 1662.000000 2862.000000 1722.000000 
		}
	}
	members={
		124 125 2982 126 339 340 341 351 354 355 356 1882 2448 2449 2451 2453 2454 2455 2458 2473 4567 
	}
}
donau={
	location=8508
	outgoing={
		name="wien"
		path={
			139 140 1767 1864 135 134 
		}
		control={
			2983.000000 1740.000000 2931.000000 1758.000000 2932.000000 1798.000000 
		}
	}
	outgoing={
		name="venice"
		path={
			136 1308 
		}
		control={
			2951.000000 1741.000000 2899.000000 1770.000000 2864.000000 1737.000000 
		}
	}
	outgoing={
		name="constantinople"
		path={
			1310 1311 1307 1304 1303 1298 1297 
		}
		control={
			3074.000000 1733.000000 3092.000000 1724.000000 
		}
	}
	members={
		141 1766 1827 3000 4176 4239 157 158 1952 4127 156 1951 4128 160 161 2998 8508 8509 1765 2746 8503 150 159 155 1953 1954 4125 162 4531 4532 
	}
}
krakow={
	location=262
	inland=yes
	outgoing={
		name="wien"
		path={
			154 1772 134 
		}
		control={
			2925.000000 1838.000000 2903.000000 1818.000000 
		}
	}
	outgoing={
		name="saxony"
		path={
			263 264 1763 
		}
		control={
			2921.000000 1847.000000 2888.000000 1874.000000 2864.000000 1868.000000 
		}
	}
	outgoing={
		name="baltic_sea"
		path={
			258 255 1859 43 1927 1926 
		}
		control={
			2970.000000 1878.000000 2922.000000 1902.000000 2931.000000 1924.000000 2936.000000 1959.000000 
		}
	}
	members={
		258 259 260 261 262 263 264 269 1940 256 257 1938 1939 254 255 2424 2959 2960 2961 2966 8512 4238 4523 4524 4525 4526 4527 4528 4533 4538 4541 
	}
}
wien={
	location=134
	color={
		220 220 220 
	}
	inland=yes
	outgoing={
		name="venice"
		path={
			132 128 1769 1308 
		}
		control={
			2866.000000 1806.000000 2859.000000 1787.000000 2827.000000 1762.000000 2830.000000 1755.000000 
		}
	}
	outgoing={
		name="rheinland"
		path={
			133 64 1757 67 66 79 1876 
		}
		control={
			2853.000000 1811.000000 2825.000000 1823.000000 2814.000000 1844.000000 
		}
	}
	members={
		64 65 76 128 132 133 134 154 1318 1757 1770 1772 1863 2955 2956 2957 68 69 1868 70 71 1872 73 1768 4236 135 153 1864 4126 4240 152 131 1828 4173 1767 139 140 1831 3002 129 
	}
}
saxony={
	location=59
	inland=yes
	outgoing={
		name="rheinland"
		path={
			62 63 79 81 1876 
		}
		control={
			2820.000000 1879.000000 2807.000000 1864.000000 2785.000000 1856.000000 
		}
	}
	outgoing={
		name="lubeck"
		path={
			58 52 51 46 45 
		}
		control={
			2825.000000 1894.000000 2808.000000 1905.000000 
		}
	}
	outgoing={
		name="wien"
		path={
			1770 267 266 1771 61 59 
		}
		control={
			2881.000000 1843.000000 
		}
	}
	members={
		49 50 57 62 63 1758 51 60 61 267 1759 1763 1771 52 58 59 2964 2965 2967 2971 2969 265 266 2968 2970 4237 
	}
}
baltic_sea={
	location=1926
	color={
		8 82 165 
	}
	outgoing={
		name="lubeck"
		path={
			1255 1257 45 
		}
		control={
			2894.000000 1951.000000 2864.000000 1949.000000 2826.000000 1930.000000 
		}
	}
	members={
		1926 1 2 3 4 5 1985 8 9 11 18 19 25 27 28 29 31 35 37 38 39 40 271 273 1930 1935 1936 41 42 43 1841 1859 767 2958 2997 4113 4114 4123 4152 4166 270 2963 36 1834 1842 4241 8513 4535 4534 
	}
}
rheinland={
	location=1876
	color={
		114 171 184 
	}
	inland=yes
	outgoing={
		name="champagne"
		path={
			83 1760 80 188 187 186 
		}
		control={
			2751.000000 1846.000000 2732.000000 1828.000000 2717.000000 1815.000000 
		}
	}
	outgoing={
		name="lubeck"
		path={
			1762 57 53 1857 45 
		}
		control={
			2787.000000 1866.000000 2775.000000 1887.000000 
		}
	}
	outgoing={
		name="english_channel"
		path={
			1762 57 53 1857 45 
		}
		control={
			2762.000000 1877.000000 2734.000000 1894.000000 
		}
	}
	members={
		56 72 74 75 77 78 79 80 81 82 83 84 85 86 1760 1761 1869 1870 1876 1878 1880 2973 2975 166 1873 2972 1762 66 67 
	}
}
panama={
	location=835
	color={
		114 71 184 
	}
	outgoing={
		name="carribean_trade"
		path={
			1515 1517 1516 
		}
		control={
			1357.000000 1220.000000 1439.000000 1261.000000 
		}
	}
	members={
		826 835 836 2664 2819 839 840 2637 2640 837 838 2660 2663 824 825 827 832 2817 828 829 2806 823 2818 2002 
	}
}
carribean_trade={
	location=1516
	color={
		41 82 145 
	}
	outgoing={
		name="chesapeake_bay"
		path={
			1524 1503 1502 1501 1500 
		}
		control={
			1481.000000 1327.000000 1435.000000 1369.000000 1389.000000 1410.000000 1408.000000 1487.000000 1461.000000 1576.000000 
		}
	}
	outgoing={
		name="bordeaux"
		path={
			488 490 1526 1575 1583 1580 1567 1563 
		}
		control={
			1500.000000 1331.000000 1547.000000 1348.000000 1471.000000 1449.000000 1617.000000 1527.000000 1759.000000 1644.000000 1940.000000 1794.000000 2406.000000 1822.000000 
		}
	}
	outgoing={
		name="sevilla"
		path={
			488 490 1526 1575 1583 1580 1567 1563 
		}
		control={
			1521.000000 1272.000000 1646.000000 1262.000000 1654.000000 1191.000000 1710.000000 1189.000000 1986.000000 994.000000 2220.000000 1006.000000 2415.000000 1123.000000 2342.000000 1249.000000 2399.000000 1420.000000 
		}
	}
	members={
		484 485 2656 486 2654 2655 488 489 490 2658 2659 487 491 492 481 482 483 493 494 495 496 1881 497 498 499 500 501 741 831 2808 834 2805 2809 2810 2939 502 743 2803 742 2804 2811 2812 2814 2815 926 2535 2536 927 928 2534 830 2807 2813 1516 
	}
}
chesapeake_bay={
	location=1500
	color={
		193 26 14 
	}
	outgoing={
		name="canada"
		path={
			1570 1573 1494 1490 
		}
		control={
			1547.000000 1657.000000 1635.000000 1697.000000 1718.000000 1763.000000 
		}
	}
	outgoing={
		name="english_channel"
		path={
			1570 1572 1582 1568 1564 1563 
		}
		control={
			1735.000000 1744.000000 2016.000000 1824.000000 2409.000000 1863.000000 2528.000000 1822.000000 2645.000000 1845.000000 2665.000000 1878.000000 
		}
	}
	outgoing={
		name="sevilla"
		path={
			1570 1572 1582 1568 1564 1563 
		}
		control={
			1735.000000 1744.000000 2043.000000 1812.000000 2486.000000 1809.000000 2472.000000 1687.000000 2496.000000 1587.000000 
		}
	}
	members={
		1500 930 931 2537 2538 929 2539 2540 932 933 2541 2542 2543 937 2544 2545 938 2546 2547 935 936 2548 949 2011 2552 950 952 2549 2550 953 2553 2554 955 956 957 962 2023 963 965 2558 2639 967 2010 2560 966 968 2561 970 2562 2564 969 2559 2563 971 2013 2565 2566 2567 
	}
}
canada={
	location=1490
	color={
		193 192 14 
	}
	outgoing={
		name="north_sea"
		path={
			1493 1496 1497 1498 1478 1476 1282 1975 
		}
		control={
			1746.000000 1868.000000 1796.000000 1888.000000 1915.000000 2025.000000 1968.000000 2034.000000 2237.000000 2145.000000 2278.000000 2110.000000 2582.000000 2099.000000 
		}
	}
	outgoing={
		name="bordeaux"
		path={
			1491 1494 1495 1565 1564 1479 1563 
		}
		control={
			1777.000000 1754.000000 2067.000000 1822.000000 2429.000000 1816.000000 
		}
	}
	members={
		1005 2594 1000 1003 1002 2588 2589 2590 2591 991 1001 1007 2015 988 2586 2587 2671 990 993 2584 2012 987 989 2585 2670 992 2579 2580 2581 986 994 995 2582 2583 985 2570 2571 2572 982 983 984 2568 2569 980 981 2573 997 2575 2576 2577 2578 1490 
	}
}
white_sea={
	location=1652
	color={
		210 46 28 
	}
	outgoing={
		name="north_sea"
		path={
			1263 1264 1265 1929 1266 1975 
		}
		control={
			3295.000000 2210.000000 3150.000000 2262.000000 3034.000000 2296.000000 2848.000000 2245.000000 2786.000000 2147.000000 2693.000000 2090.000000 
		}
	}
	outgoing={
		name="novgorod"
		path={
			309 1261 
		}
		control={
			3213.000000 2102.000000 3205.000000 2048.000000 3138.000000 2035.000000 
		}
	}
	members={
		1652 315 1777 1963 2425 2426 4151 1077 1755 1963 1964 4129 1955 4122 1776 1958 4258 314 4262 4263 
	}
}
north_sea={
	location=1975
	color={
		117 165 188 
	}
	outgoing={
		name="english_channel"
		path={
			1270 236 
		}
		control={
			2697.000000 1929.000000 
		}
	}
	outgoing={
		name="lubeck"
		path={
			1266 1267 1259 1258 45 
		}
		control={
			2749.000000 1980.000000 2803.000000 2001.000000 2822.000000 1970.000000 2804.000000 1953.000000 2809.000000 1942.000000 2804.000000 1932.000000 2818.000000 1928.000000 
		}
	}
	members={
		1975 10 20 21 23 24 248 249 250 251 252 253 369 370 371 1978 1979 2752 246 247 372 373 374 375 376 4110 4118 4119 4120 4121 4145 1266 1280 1281 1282 1929 4153 4146 4361 4362 4363 4364 4365 4377 4378 4379 4380 1104 
	}
}
lubeck={
	location=45
	color={
		190 70 70 
	}
	outgoing={
		name="english_channel"
		path={
			1857 44 1268 1269 1744 
		}
		control={
			2787.000000 1912.000000 2730.000000 1922.000000 
		}
	}
	members={
		6 12 13 14 15 16 17 22 26 44 45 46 47 48 53 54 55 1775 1857 1874 1858 1981 1982 1983 1984 7 2993 2994 2995 2996 4141 4142 4143 4144 4149 4163 4164 4165 
	}
}
bordeaux={
	location=1276
	color={
		36 132 247 
	}
	outgoing={
		name="champagne"
		path={
			1275 172 178 184 185 
		}
		control={
			2640.000000 1788.000000 2682.000000 1795.000000 
		}
	}
	members={
		1276 170 171 172 173 174 175 176 180 194 209 210 169 190 195 198 199 4111 4112 4384 4386 4387 
	}
}
sevilla={
	location=1293
	color={
		57 160 101 
	}
	outgoing={
		name="genua"
		path={
			223 222 221 1295 1296 1297 
		}
		control={
			2624.000000 1605.000000 2661.000000 1663.000000 
		}
	}
	outgoing={
		name="tunis"
		path={
			1293 1294 1301 339 340 
		}
		control={
			2614.000000 1591.000000 2780.000000 1624.000000 
		}
	}
	members={
		206 207 208 1746 215 216 231 232 1293 217 218 219 221 222 223 224 225 226 227 228 229 230 334 335 367 1745 1747 1748 1749 1751 1851 2754 2755 2989 2751 4150 8525 8526 8527 8528 8529 344 345 346 348 1110 2460 2466 2467 2468 2469 2470 366 368 2461 2465 336 337 342 343 349 2459 2462 2463 336 337 338 2461 2465 
	}
}
champagne={
	location=186
	color={
		193 26 14 
	}
	inland=yes
	outgoing={
		name="genua"
		path={
			187 193 203 204 201 1297 
		}
		control={
			2708.000000 1787.000000 2712.000000 1763.000000 2711.000000 1729.000000 2700.000000 1711.000000 
		}
	}
	outgoing={
		name="english_channel"
		path={
			181 1866 92 1744 1269 
		}
		control={
			2693.000000 1841.000000 2690.000000 1859.000000 2696.000000 1882.000000 
		}
	}
	members={
		183 185 186 177 178 179 184 187 188 189 165 1867 1871 91 181 1866 93 94 1742 2974 191 192 193 1877 4390 4388 4389 4392 182 
	}
}
genua={
	location=1297
	color={
		218 215 56 
	}
	members={
		1297 115 116 117 2978 2980 118 121 2983 123 1934 2984 101 102 2992 103 1875 2979 2981 127 1247 2986 201 202 2991 203 204 205 196 200 2753 197 212 213 2987 220 333 1750 2988 211 214 2990 8523 8592 4391 
	}
	end=yes
}
venice={
	location=1308
	color={
		54 167 156 
	}
	members={
		1308 130 1769 108 111 112 1774 105 106 113 114 119 120 2976 2977 122 1933 2985 104 107 109 1862 4174 4175 143 138 137 136 1826 110 
	}
	end=yes
}
english_channel={
	location=1269
	color={
		220 138 57 
	}
	members={
		1269 167 168 1879 99 100 1931 96 97 98 92 95 1744 87 90 1865 88 89 1743 233 234 235 4130 236 238 1860 237 239 243 1861 240 241 242 1269 1270 1271 8588 4385 4366 4369 4367 4368 4372 4375 4370 4376 4373 4374 4371 4381 4382 4383 245 244 
	}
	end=yes
}
