##################################################################
### Terrain Categories
###
### Terrain types: plains, mountains, hills, desert, artic, forest, jungle, marsh, pti
### Types are used by the game to apply certain bonuses/maluses on movement/combat etc.
###
### Sound types: plains, forest, desert, sea, jungle, mountains

categories =  {
	pti = {
		type = pti
	}

	ocean = {
		color = { 255 255 255 }

		sound_type = sea
		is_water = yes

		movement_cost = 1.0
	}

	inland_ocean = {
		color = { 0 0 200 }

		sound_type = sea
		is_water = yes
		inland_sea = yes

		movement_cost = 1.0
	}	

	glacier = {
		color = { 235 235 235 }

		sound_type = desert

		defence = 1
		movement_cost = 1.25
		supply_limit = 2		
		local_development_cost = 0.5
		nation_designer_cost_multiplier = 0.75		
		local_friendly_movement_speed = -0.5
		local_hostile_movement_speed = -0.5	 
		terrain_override = {		
			371 978 1104 1105 2025 2574 2611 2612 			
		}
	}

	farmlands = {
		color = { 179 255 64 }

		type = plains
		sound_type = plains

		movement_cost = 1.10
		local_development_cost = -0.05
		supply_limit = 10
		allowed_num_of_buildings = 1
		local_colonial_growth = 15
        local_defensiveness = -0.25	   
		nation_designer_cost_multiplier = 1.05
		
		terrain_override = {
			6 12 14 43 44 45 64 65 68 70 77 78 88 90 92 98 103 104 105 106 107 108 109 111 113 114 115 117 118 119 121 122 125 131 134 146 147 148 149 150 151 153 154 160 161 167 168 172 177 179 180 182 
			183 185 186 191 192 196 200 201 202 203 208 213 217 219 220 224 225 227 231 234 235 236 238 243 244 245 248 249 254 255 257 258 259 260 262 263 264 265 266 268 280 294 295 316 317 318 327 334 336 337 338 
			341 342 358 359 360 361 362 363 373 377 382 407 408 409 410 414 416 417 419 426 428 429 441 442 447 454 458 460 504 505 506 507 510 522 524 540 563 564 584 600 604 613 630 641 667 
			671 679 682 683 684 685 686 687 688 691 692 693 694 695 696 698 700 715 733 735 737 1020 1021 1024 1030 1124 1132 1134 1743 1744 1772 1773 1774 1816 1821 1822 1832 1836 
			1838 1841 1845 1849 1862 1865 1868 1874 1875 1876 1877 1879 1882 1933 1939 1967 1973 1983 2026 2059 2060 2062 2065 2072 2075 2076 2077 558 2120 
			2137 2140 2141 2143 2144 2145 2146 2148 2149 2150 2151 2159 2171 2172 2175 2176 2214 2296 2297 2298 2310 2311 2312 2314 2316 2317 2319 2344 2372 2376 2377 2380 2387 2399 2405 
			2407 2455 2467 2468 2469 2753 2955 2957 2963 2977 2979 2981 2985 2986 2988 2998 4126 4147 4176 4194 4195 4197 4198 4212 4231 4359 4360 4288 4290 4297 4298 4309 4316 4319 4320 4341 8500 
			8501 8504 8506 8509 8510 8511 8512 8523 8535 8537 8539 8540 8541 8543 8544 8554 8555 8556 8558 8559 8560 8562 8567 8568 8570 8571 8585 8592 8597 8600 4368 4367 4385 4388 4390 4391 4392 628
			4375 4386 4383 4121 2063 556 8586 8587 461 8601 8602 8603 406 411 2095 2100 219 214 8496 8648
			4415 4416 4428 4476 4479 4487 4489 4490 4496 4497 4510 4513 4531 4532
		}		
	}
	
	forest = {
		color = { 31 116 16 }

		type = forest
		sound_type = forest
		
		movement_cost = 1.25
		defence = 1
		combat_width = -0.25			  
		supply_limit = 4
		local_development_cost = 0.2
		nation_designer_cost_multiplier = 0.9
		local_colonial_growth = 5
        local_friendly_movement_speed = -0.1
		local_hostile_movement_speed = -0.2						 
		terrain_override = { 
			4 5 8 9 10 11 17 18 19 29 30 31 32 305 306 309 312 313 314 480 908 910 911 912 913 914 945 971 980 981 986 990 991 992 993 995 996 997 1001 1002 1007 1009 1011 1033 1036 
			1037 1038 1039 1040 1041 1042 1043 1044 1045 1046 1047 1049 1050 1051 1052 1054 1059 1061 1062 1063 1064 1065 1067 1068 1069 1070 1072 1073 1074 1077 1079 1083 1753 
			1755 1776 1777 1814 1955 1957 1958 1961 1962 1963 1964 1972 2015 2104 2427 2428 2429 2430 2431 2432 2433 2435 2436 2437 2438 2439 2442 2443 2445 2517 2518 2521 2522 2573 2575 2576 
			2577 2579 2580 2581 2582 2587 2588 2589 2590 2591 2593 2594 2595 2601 2603 2671 2749 4113 4114 4117 4122 4123 4124 4129 4143 4144 4145 4151 4152 4164 4254 4256 4257 4258 4259 4260 4261 4262 
			4263 4266 1813 4658 8633 8628 1035 2874
					}                                      
	}
	
	hills = {
		color = { 113 176 151 }

		type = hills
		sound_type = mountains

		movement_cost = 1.40
		defence = 1
		local_defensiveness = 0.1
		local_development_cost = 0.20		
		combat_width = -0.25
		nation_designer_cost_multiplier = 0.85
		supply_limit = 5
		local_colonial_growth = -5
        local_friendly_movement_speed = -0.2
		local_hostile_movement_speed = -0.2
		terrain_override = {
			16 101 102 116 120 127 140 156 162 173 175 176 193 198 207 209 230 232 242 325 328 333 339 343 378 488 489 508 525 527 529 530 531 538 557 588 589 601 602 605 606 607 608 614 657 664 665 666 669 670 680 
			741 824 825 827 839 841 847 849 854 855 899 931 935 949 951 961 964 966 969 972 994 1012 1013 1014 1016 1017 1018 1019 1022 1023 1025 1026 1029 1090 1092 1179 1181 1318 1745 1748 
			1749 1751 1765 1766 1767 1817 1818 1820 1824 1825 1826 1827 1828 1829 1830 1833 1837 1839 1840 1843 1848 1853 1854 1855 1934 1951 2011 2023 2027 2030 2037 2048 2049 2050 2058 2089 
			2092 2106 2107 2147 2152 2153 2156 2157 2158 2160 2161 2162 2163 2164 2169 2173 2174 2178 2299 2313 2373 2374 2388 2389 2394 2454 2461 2487 2515 2527 2531 2548 2552 2553 2555 2556 2557 
			2558 2563 2564 2565 2567 2627 2638 2640 2648 2653 2657 2658 2659 2715 2744 2745 2960 2967 2976 2978 2980 2982 2983 2987 2992 3000 3001 3002 4127 4128 4131 4180 4181 4182 4183 4184 
			4185 4186 4187  4190 4192 4193 4211 4213 4228 4229 4230 4301 8502 8505 8507 8530 8538 8548 8550 8551 8557 8561 8564 8565 8566 8572 8574 8578 8579 8598 250 4369 4362 8519
			2420 2416 4265 475 2415 304 2408 299 291 2410 2447 2423 1081 2413 1109 4484 4491 4449 1085 2486 565 572 1053 727 4202 2111 2112 2108 2105 794 2844 2847 2887 769 766 2895 2835
			761 762 763 764 756 757 750 2922 2885 760 751 753 2838 902 211 1750 221 8546 2138 2139 8536 690 4482 4483
			8644 4652 8499 722 4653 8627 8631 8630 8629 8637 8638 8639 4664 8499 2186 2154 2155
			8646 8650 2446 1034 2440 2871 791 789 1175   
		}
	}

	
	woods = {
		color = { 41 155 22 }

		type = forest
		sound_type = forest

		movement_cost = 1.10
		defence = 1
		local_development_cost = 0.10
		combat_width = -0.20
		nation_designer_cost_multiplier = 0.9
		supply_limit = 6
		local_colonial_growth = 5
        local_friendly_movement_speed = -0.1
		local_hostile_movement_speed = -0.15			  
		terrain_override = {
			2 3 7 34 37 40 46 47 48 49 50 51 52 53 56 57 58 59 60 61 62 63 66 67 69 72 74 75 80 81 82 83 84 85 86 93 94 95 99 129 130 174 178 181 184 187 188 189 190 194 195 206 247 251 256 261 269 272 279 
			273 274 275 276 292 296 297 311 372 374 375 376 767 770 771 772 773 872 873 874 894 895 897 918 919 920 923 924 925 930 933 934 937 939 940 941 942 943 944 946 947 948 952 953 954 955 
			956 957 958 959 960 962 963 967 968 970 973 982 983 984 985 987 989 1084 1094 1106 1107 1108 1742 1752 1754 1757 1758 1759 1760 1761 1762 1763 1770 1834 1842 1847 
			1851 1852 1857 1858 1859 1863 1864 1866 1867 1869 1870 1872 1878 1880 1935 1937 1938 1945 1956 1959 1960 1982 1985 2010 2012 2013 2014 2185 2424 2482 2484 2485 2509 2514 2520 2523 
			2524 2525 2526 2528 2529 2533 2538 2540 2541 2542 2543 2544 2545 2546 2547 2549 2550 2551 2554 2559 2560 2561 2562 2566 2568 2569 2570 2571 2572 2583 2584 2585 2586 2639 2665 2670 2727 
			2733 2735 2737 2738 2739 2850 2851 2852 2956 2958 2959 2961 2962 2964 2965 2966 2968 2969 2970 2971 2972 2973 2974 2975 2993 2994 2995 2996 2997 4112 4115 4116 4118 4119 4120 4148 4163 
			4165 4166 4173 4239 4241 4242 4243 4251 4252 4253 8513 8526 4366 240 4376 4387 4389 4381 4377 4378 4379 4380 298 307 4535 4537 4544 4545 1027 4191 4189 1087 2736 1246
			728 2879 2884 2855 2859 768 775 776 754 755 2912 2921 2915 2917 2513 915 916 917 2519 905
			4218 4660 1060 2669
		}
	}
	
	mountain = {
		color = { 105 24 4 }

		type = mountains
		sound_type = mountains

		movement_cost = 1.5
		defence = 2
		local_defensiveness = 0.25
		local_development_cost = 0.3
		combat_width = -0.50
		nation_designer_cost_multiplier = 0.75
        local_friendly_movement_speed = -0.4
		local_hostile_movement_speed = -0.4					 
		supply_limit = 4
		
		terrain_override = {
			20 21 22 73 76 110 123 124 128 132 138 139 143 144 158 165 166 197 204 205 210 212 222 226 315 330 386 448 449 452  509 511 576 577 578 580 583 587 590 611 615 616 672 673 675 
			678 681 689 703 705 716 718 719 729 739 783 795 797 807 813 814 832 836 851 860 871 875 879 880 936 974 975 976 977 1048 1055 1066 1078 1768 1844 1850 1856 
			1871 1873 1968 2003 2069 2073 2074 2102 2103 2117 2118 2125 2127 2128 2131 2132 2133 2134 2135 2170 2189 2190 2195 2196 2225 2226 2232 2236 2305 2327 2332 2371 2381 2382 2395 
			2396 2397 2398 2400 2401 2403 2444 2477 2480 2481 2483 2491 2493 2494 2495 2506 2604 2605 2606 2607 2609 2610 2613 2615 2618 2694 2743 2752 2769 2791 2824 2825 2827  
			2839 2941 2946 2991 4175 4201 4204 4205 4206 4214 4216 4222 4238 4268 4282 4300 4303 4306 4312 4338 4340 4344 8527 8549 
			8552 8553 8516 8521 8522 8524 1080 1780 4492 4493 2099 2070 2071 554 4203 804 2119 4679 8636 4662 8632 4217 
			8647 8649 734 736 4188 2742 732
			
		}
	}

	impassable_mountains = {
		color = { 128 128 128 }

		sound_type = desert

		movement_cost = 8.0
		defence = 6
		local_development_cost = 10		
	}

	grasslands = {
		color = { 130 255 47 }

		type = plains
		sound_type = plains
        
		movement_cost = 1.0
		supply_limit = 8		
		local_development_cost = 0.05
		nation_designer_cost_multiplier = 1
		
		terrain_override = {
			1 13 15 25 26 27 28 33 35 36 38 39 41 42 54 55 71 79 87 89 91 96 133 135 136 137 141 152 155 157 159 169 170 171 229 233 237 239 4372 241 267 270 271 281 289 
			290 293 308 310 321 423 425 457 462 516 517 519 520 523 526 528 536 539 543 549 552 555 559 562 581 585 586 593 594 610 626 629 656 658 702 704 726 730 738 740 
			778 779 784 833 852 859 870 1177 1764 1771 1775 1815 1861 1931 1940 1942 1943 1947 1953 1954 1984 2021 2043 2044 2045 2047 2054 2055 2057 2061 2080 2082 2084 2085 2094 2097 2101 2113 2202 2203 2688 624 625 2689 2690 2691 627
			2364 2379 2478 2479 2687 2697 2698 2746 2750 2849 2860 2866 2873 4125 4130 4142 4149 4150 4174 4237 4040 4244 4245 4246 4247 4248 4249 4250 4299 8503 8525 8531 8532 8533 8534 8542 4382 4384 4371 4373 4374 2079 2086 8611 2088 4208
			284 285 1974 466 303 1082  301 1778 283 2411 2412 2414 287 300 2409 467 1971 302 473 2422 4264 2419 2418 2417 468 2421 4267 2365 4255 8582 8622 8623 4396 4395 1086 4478 4486 4488 4489 4490 4494 4495 4497 4408 4407 4409 4223 8645 2841 793 787 2845 2872 2837 2940 1178 
		}
	}

	jungle = {
		color = { 98 163 18 }

		type = jungle
		sound_type = jungle

		movement_cost = 1.5
		defence = 1
		local_development_cost = 0.25
		combat_width = -0.35
		nation_designer_cost_multiplier = 0.8
		supply_limit = 5
		local_colonial_growth = -10
        local_defensiveness = 0.05
        local_friendly_movement_speed = -0.3
		local_hostile_movement_speed = -0.3			 
		terrain_override = {
			486 487 490 492 534 535 537 546 547 550 551 553 560 566 567 568 570 571 573 579 582 591 595 596 597 598 599 617 618 619 620 621 622 623 635 636 638 639 640 642 643 
			644 652 653 660 742 743 744 745 746 747 748 759 765 800 801 803 815 818 819 821 822 823 826 835 837 838 840 842 843 844 845 846 848 858 
			1118 1119 1125 1126 1138 1139 1141 1162 1164 1165 1166 1169 1182 1186 1192 1237 1249 1823 2028 2029 2038 2040 2042 2046 2081 2091 2096 2098
			2242 2255 2257 2258 2375 2378 2390 2391 2392 2393 2402 2404 2614 2630 2631 2633 2634 2635 2636 2637 2641 2642 2647 2649 2650 2651 2652 2654 2655 2660 2661 2662 2663 2664 2667 
			2668 2673 2674 2675 2676 2677 2680 2681 2682 2685 2701 2702 2703 2704 2705 2706 2709 2710 2712 2713 2714 2720 2731 2732 2804 2805 2811 2816 2819 2820 2823 2830 2832 2833 
			2834 2882 2886 2889 2900 2901 2902 2904 2905 2927 2928 2929 2930 2931 2933 2934 2935 2937 2938 2939 2943 2944 2945 4024 4025 4081 4089 4440 4086 4096 1901 4087 4088
		}
	}	
	
	marsh = {
		color = { 13 189 130 }

		type = marsh
		sound_type = forest

		movement_cost = 1.3
		defence = 1
		local_development_cost = 0.3
		combat_width = -0.3
		nation_designer_cost_multiplier = 0.85
		supply_limit = 5
        local_colonial_growth = -10
        local_defensiveness = -0.10
        local_friendly_movement_speed = -0.3
		local_hostile_movement_speed = -0.3				 
		terrain_override = {
			97 100 246 277 278 440 464 465 469 561 731 749 758 777 834 893 900 921 922 927 928 929 932 938 950 988 998 999 1000 1003 1004 1005 1006 1031 1217 1756 1769 1860 1936 1941 2039 2083 2109
			2110 2187 2188 2259 2261 2286 2287 2490 2516 2530 2532 2534 2535 2536 2537 2539 2592 2599 2600 2632 2759 2803 2848 2853 2857 2858 2881 2890 2903 4111 4141 4200 4361 2289 2294 1147 
			2199 1944 2406 282 286 288 291 2208 4399 926 1028 4474 1151 1152 4215 2512 904 965 2142 4196 8569
			4663 8640 8626 725 8508 785 2843 2290
		}
	}
	
	desert = {
		color = { 242 242 111 }

		type = desert
		sound_type = desert

		movement_cost = 1.05
		supply_limit = 4
		local_development_cost = 0.30
		combat_width = -0.15
		nation_designer_cost_multiplier = 0.8
		local_colonial_growth = -15
        local_defensiveness = -0.10
        local_friendly_movement_speed = -0.15
		local_hostile_movement_speed = -0.2			 
		terrain_override = {
			349 350 352 383 391 392 393 404 405 427 434 437 438 439  443 455 471 477 512 513 514 706 709 711 861 863 867 876 877 878 881 1099 1115 1127 1128 1129 1130 1220 1228 1229 
			1233 1234 2064 2066 2123 2191 2216 2222 2229 2230 2244 2247 2271 2272 2274 2275 2277 2318 2322 2323 2328 2330 2335 2336 2337 2338 2339 2343 2345 2349 2370 2449 2450 2456 
			2457 2460 2472 2767 2768 2773 4051 4270 4272 4273 4274 4275 4277 4285 4287 4317 4318 4323 4334 4345 8576 8577 
		}
	}
	
	coastal_desert = {
		color = { 255 211 110 }

		type = desert
		sound_type = desert

		movement_cost = 1.0
		combat_width = -0.15
		local_development_cost = 0.25
		nation_designer_cost_multiplier = 0.9		
		supply_limit = 4
        local_colonial_growth = -10
        local_defensiveness = -0.10
        local_friendly_movement_speed = -0.1
		local_hostile_movement_speed = -0.15						  
		terrain_override = {
			347 353 355 357 364 387 389 394 395 396 397 398 401 402 575 796 805 806 865 866 1111 1112 1174 1206 1209 1212 1215 1230 1232 1306 2219 2231 2233 2315 2320 2321 2324 2325 2326 2329 2331 
			2333 2340 2341 2342 2346 2347 2452 2616 2765 2783 2786 2788 2793 2840 2954 4269 4278 4283 4284 4286 4327 4332 792
		}	
	}
	
	coastline = {
		color = { 49 175 191 }

		sound_type = sea

		movement_cost = 1.0
		combat_width = -0.20
		local_development_cost = 0.2
        local_defensiveness = -0.10
		nation_designer_cost_multiplier = 0.85		
		supply_limit = 6  
		
		terrain_override = {
			112 126 142 164 253 320 366 367 368 369 481 482 483 491 493 494 495 496 497 498 499 500 501 502 574 631 632 633 634 645 647 648 649 650 651 654 655 668 979 1015 1032 1095 1096 1097 
			1098 1100 1101 1102 1103 1201 1235 1238 1239 1240 1241 1242 1243 1244 1248 1881 1930 1978 1979 1981 1986 1987 1988 1989 1990 1991 1992 1993 1994 1995 1996 1997 1998 1999 2002 2022 
			2348 2578 2678 2693 2696 2699 2700 2716 2717 2725 2741 2999 3003 4020 8563 8580 8588 8589 8590 8591 
		}
	}	
	
	drylands = {
		color = { 232 172 102 }		

		type = plains
		sound_type = plains

		movement_cost = 1.00
		local_development_cost = 0.15
		nation_designer_cost_multiplier = 0.95
		supply_limit = 7		
        local_colonial_growth = -10
        local_defensiveness = -0.1
        local_friendly_movement_speed = -0.1
		local_hostile_movement_speed = -0.1					 
		terrain_override = {
			218 322 323 326 329 344 345 346 348 354 356 379 380 381 388 390 399 400 412 415 418 420 424 430 431 435  444 445 446 450 453 503 515 518 521 532 533 541 
			542 699 707 708 710 712 713 752 786 790 809 812 816 856 862 868 1110 1172 1222 1747 1846 1946 1948 1949 1970 2031 2032 2033 2034 2035 2036 2051 2052 
			2053 2056 2067 2078 2087 2093 2121 2122 2124 2180 2181 2182 2183 2184 2192 2206 2207 2212 2213 2215 2218 2221 2224 2227 2228 2234 2235 2303 2307 2308 2309 2350 2356 
			2362 2363 2451 2453 2465 2473 2476 2498 2620 2751 2764 2797 2798 2821 2822 2842 2846 2854 2861 2863 2865 2867 2868 2878 2990 4207 4209 4210 4271 4279 4289 4292 4295 
			4307 4343 8547 456 1969 4291 2068 799 2883 2126 8604 1231 701 2870 1123 1131 1142 1133 2268 2262 884 887 888
		}
	}

	highlands = {
		color = { 176 129 21 }

		type = hills
		sound_type = mountains
		
		combat_width = -0.25
		supply_limit = 6
		movement_cost = 1.40
		defence = 1
		local_defensiveness = 0.05
		local_development_cost = 0.15
		nation_designer_cost_multiplier = 0.9	
        local_friendly_movement_speed = -0.15
		local_hostile_movement_speed = -0.15  
		terrain_override = {
			23 24 145 163 199 216 223 228 252 319 324 331 332 335 340 351 365 370 384 385 403 413 421 422 432 433 436 451 544 545 548 569 592 661 662 663 674 677 697 782 810 811 
			817 820 831 850 853 857 864 869 1056 1057 1176 1180 1184 1185 1188 1207 1208 1210 1211 1213 1214 1218 1219 1223 1224 1227 1247 1819 1831 1835 1952 2006 2018 2019 2020 2041 
			2090 2136 2165 2166 2167 2168 2177 2179 2204 2205 2209 2210 2211 2217 2220 2223 2300 2301 2302 2304 2306 2458 2459 2462 2463 2464 2466 2470 2488 2489 2492 2501 2617 2619 
			2621 2622 2623 2624 2626 2628 2629 2643 2644 2645 2646 2734 2748 2755 2756 2757 2758 2760 2761 2762 2763 2766 2770 2771 2772 2778 2779 2781 2787 2792 2813 2817 2818 2826 2828 2831 
			2836 2856 2864 2950 2984 2989 4029 4110 4158 4171 4199 4227 4236 4280 4281 4293 4294 4296 4302 4304 4305 4308 4310 4311 4313 4314 4315 4324 4325 4326 4329 4330 4331 4335 4336 
			4337 4339 4342 8528 8545 8573 8599 4363 463 2197 2201 2198 463 2197 2201 2198 802 2942 2947 2829 2894 2898 2899 2913 2914 2916 2908 2918 808 1746 215 8529 2754 8497 8498
			676 8517 8518 2130 2896 2862 2877 4232   
		}
	}

	savannah = {
		color = { 248 199 23  }

		sound_type = plains

		supply_limit = 6
		combat_width = -0.1
		movement_cost = 1.00
		local_development_cost = 0.2
                local_defensiveness = -0.10
		nation_designer_cost_multiplier = 0.95	
		local_colonial_growth = -5
        local_friendly_movement_speed = -0.1
		local_hostile_movement_speed = -0.1		 
		terrain_override = {
			484 485 603 609 612 788 830 883 1088 1089 1091 1113 1114 1116 1117 1120 1121 1122 1135 1136 1137 1140 1143 1144 1145 1146 1093
			1148 1149 1150 1153 1154 1155 1160 1161 1170 1171 1187 1193 1195 1196 1197 1200 1203 1204 1205 2237 2238 2239 2240 2241 2245 2248 2249 2250 2252 2253 2254 2256 2263 2265 2266 2267 2270 2278 2279 2280 
			2281 2283 2285 2291 2292 2293 2295 2383 2384 2385 2386 2499 2656 2726 2728 2729 2774 2775 2794 2806 2807 2808 2809 2810 2812 2814 2815 2730
			2888 2891 2892 2893 2897 2906 2907 2909 2910 2911 2919 2920 2923 2924 2925 2926 2948 4022 4032 4034 4035 4037 4039 4041 4044 4079 4082 4085 4092 2260 2264 2269 1157 1158 1159 2284
			1167 1168 4080 2948 798 4084 4083 4091 2949 828 829   
			
		}		
	}
	
	steppe = {
		color = { 147 200 83  }

		type = plains
		sound_type = plains

		movement_cost = 1.00
		combat_width = -0.10
		local_development_cost = 0.25
		nation_designer_cost_multiplier = 0.9	
        local_defensiveness = -0.25
		supply_limit = 6
		
		terrain_override = {
			459 470 472 476 478 479 714 717 721 723 724 774 780 781 882 885 886 889 890 891 892 896 
			898 901 903 906 907 909 1008 1010 1058 1071 1075 1076  1156 1216 1221 1225 1226 1809 1966 2004 2005 2007 2008 
			2009 2016 2017 2114 2115 2116 2243 2246 2273 2276 2282 2288 2351 2352 2353 2354 2355 2357 2358 2359 2360 2361 2366 
			2368 2369 2434 2441 2496 2497 2500 2502 2503 2504 2505 2507 2508 2510 2511 2596 2597 2598 2602 2367 1965  474
			2625 2666 2672 2747 2776 2777 2780 2782 2784 2785 2795 2799 2800 2801 2802 2869 2875 2876 2880 2932 4033 4220 8581 4692 4690 4689 4688 4687 4686 4685 4683 4684 4667 8634 8635 4219 8641 8642 4673
		}	
	}	
}
	
##################################################################
### Graphical terrain
###		type	=	refers to the terrain defined above, "terrain category"'s 
### 	color 	= 	index in bitmap color table (see terrain.bmp)
###

terrain = {
	grasslands			= { type = grasslands		color = { 	0	 } }
	hills				= { type = hills			color = { 	1	 } }
	desert_mountain		= { type = mountain			color = { 	2	 } }
	desert				= { type = desert			color = { 	3	 } }

	plains				= { type = grasslands		color = { 	4	 } }
	terrain_5			= { type = grasslands		color = { 	5	 } }
	mountain			= { type = mountain			color = { 	6	 } }
	desert_mountain_low	= { type = desert			color = { 	7	 } }

	terrain_8			= { type = hills			color = { 	8	 } }
	marsh				= { type = marsh			color = { 	9	 } }
	terrain_10			= { type = farmlands		color = { 	10	 } }
	terrain_11			= { type = farmlands		color = { 	11	 } }

	forest_12			= { type = forest			color = { 	12	 } }
	forest_13			= { type = forest			color = { 	13	 } }
	forest_14			= { type = forest			color = { 	14	 } }
	ocean				= { type = ocean			color = { 	15	 } }

	snow				= { type = mountain 		color = { 	16	 } } # (SPECIAL CASE) Used to identify permanent snow
	inland_ocean_17 	= { type = inland_ocean		color = {	17	 } }

	coastal_desert_18	= { type = coastal_desert	color = { 	19	 } }
	coastline			= { type = coastline		color = { 	35	 } }
	
	savannah			= { type = savannah 		color = {	20	 } }
	drylands			= { type = drylands			color = {	22	 } }
	highlands			= { type = highlands		color = {	23	 } }
	dry_highlands		= { type = highlands		color = {	24	 } }
	
	woods				= { type = woods			color = { 	255	 } }
	jungle				= { type = jungle			color = { 	254	 } }
	
	terrain_21			= { type = farmlands		color = { 	21	 } }	
}

##################################################################
### Tree terrain
###		terrain	=	refers to the terrain tag defined above
### 	color 	= 	index in bitmap color table (see tree.bmp)
###

tree = {
	forest				= { terrain = forest 			color = { 	3 4 6 7 19 20	} }
	woods				= { terrain = woods 			color = { 	2 5 8 18	} }
	jungle				= { terrain = jungle 			color = { 	13 14 15	} }
	palms				= { terrain = desert 			color = { 	12	} }
	savana				= { terrain = grasslands 		color = { 	27 28 29 30	} }
}